52
NULL 0 Common 0
Joined 7 0,255,0,255,0,0,0,0,0,0 Latin 1 0 1 Joined	# Joined [4a 6f 69 6e 65 64 ]a
|Broken|0|1 15 0,255,0,255,0,0,0,0,0,0 Common 2 10 2 |Broken|0|1	# Broken
3 8 0,255,0,255,0,0,0,0,0,0 Common 3 2 3 3	# 3 [33 ]0
7 8 0,255,0,255,0,0,0,0,0,0 Common 4 2 4 7	# 7 [37 ]0
0 8 0,255,0,255,0,0,0,0,0,0 Common 5 2 5 0	# 0 [30 ]0
4 8 0,255,0,255,0,0,0,0,0,0 Common 6 2 6 4	# 4 [34 ]0
T 5 0,255,0,255,0,0,0,0,0,0 Latin 12 0 7 T	# T [54 ]A
i 3 0,255,0,255,0,0,0,0,0,0 Latin 8 0 8 i	# i [69 ]a
g 3 0,255,0,255,0,0,0,0,0,0 Latin 9 0 9 g	# g [67 ]a
r 3 0,255,0,255,0,0,0,0,0,0 Latin 15 0 10 r	# r [72 ]a
s 3 0,255,0,255,0,0,0,0,0,0 Latin 26 0 11 s	# s [73 ]a
t 3 0,255,0,255,0,0,0,0,0,0 Latin 7 0 12 t	# t [74 ]a
D 5 0,255,0,255,0,0,0,0,0,0 Latin 13 0 13 D	# D [44 ]A
P 5 0,255,0,255,0,0,0,0,0,0 Latin 39 0 14 P	# P [50 ]A
R 5 0,255,0,255,0,0,0,0,0,0 Latin 10 0 15 R	# R [52 ]A
1 8 0,255,0,255,0,0,0,0,0,0 Common 16 2 16 1	# 1 [31 ]0
. 16 0,255,0,255,0,0,0,0,0,0 Common 17 6 17 .	# . [2e ]p
K 5 0,255,0,255,0,0,0,0,0,0 Latin 35 0 18 K	# K [4b ]A
A 5 0,255,0,255,0,0,0,0,0,0 Latin 38 0 19 A	# A [41 ]A
C 5 0,255,0,255,0,0,0,0,0,0 Latin 41 0 20 C	# C [43 ]A
U 5 0,255,0,255,0,0,0,0,0,0 Latin 43 0 21 U	# U [55 ]A
6 8 0,255,0,255,0,0,0,0,0,0 Common 22 2 22 6	# 6 [36 ]0
H 5 0,255,0,255,0,0,0,0,0,0 Latin 23 0 23 H	# H [48 ]A
8 8 0,255,0,255,0,0,0,0,0,0 Common 24 2 24 8	# 8 [38 ]0
5 8 0,255,0,255,0,0,0,0,0,0 Common 25 2 25 5	# 5 [35 ]0
S 5 0,255,0,255,0,0,0,0,0,0 Latin 11 0 26 S	# S [53 ]A
m 3 0,255,0,255,0,0,0,0,0,0 Latin 42 0 27 m	# m [6d ]a
o 3 0,255,0,255,0,0,0,0,0,0 Latin 28 0 28 o	# o [6f ]a
2 8 0,255,0,255,0,0,0,0,0,0 Common 29 2 29 2	# 2 [32 ]0
E 5 0,255,0,255,0,0,0,0,0,0 Latin 37 0 30 E	# E [45 ]A
V 5 0,255,0,255,0,0,0,0,0,0 Latin 51 0 31 V	# V [56 ]A
F 5 0,255,0,255,0,0,0,0,0,0 Latin 32 0 32 F	# F [46 ]A
L 5 0,255,0,255,0,0,0,0,0,0 Latin 45 0 33 L	# L [4c ]A
9 8 0,255,0,255,0,0,0,0,0,0 Common 34 2 34 9	# 9 [39 ]0
k 3 0,255,0,255,0,0,0,0,0,0 Latin 18 0 35 k	# k [6b ]a
W 5 0,255,0,255,0,0,0,0,0,0 Latin 36 0 36 W	# W [57 ]A
e 3 0,255,0,255,0,0,0,0,0,0 Latin 30 0 37 e	# e [65 ]a
a 3 0,255,0,255,0,0,0,0,0,0 Latin 19 0 38 a	# a [61 ]a
p 3 0,255,0,255,0,0,0,0,0,0 Latin 14 0 39 p	# p [70 ]a
n 3 0,255,0,255,0,0,0,0,0,0 Latin 48 0 40 n	# n [6e ]a
c 3 0,255,0,255,0,0,0,0,0,0 Latin 20 0 41 c	# c [63 ]a
M 5 0,255,0,255,0,0,0,0,0,0 Latin 27 0 42 M	# M [4d ]A
u 3 0,255,0,255,0,0,0,0,0,0 Latin 21 0 43 u	# u [75 ]a
B 5 0,255,0,255,0,0,0,0,0,0 Latin 49 0 44 B	# B [42 ]A
l 3 0,255,0,255,0,0,0,0,0,0 Latin 33 0 45 l	# l [6c ]a
y 3 0,255,0,255,0,0,0,0,0,0 Latin 46 0 46 y	# y [79 ]a
« 16 0,255,0,255,0,0,0,0,0,0 Common 47 10 0 «	# « [ab ]p
N 5 0,255,0,255,0,0,0,0,0,0 Latin 40 0 48 N	# N [4e ]A
b 3 0,255,0,255,0,0,0,0,0,0 Latin 44 0 49 b	# b [62 ]a
' 16 0,255,0,255,0,0,0,0,0,0 Common 50 10 50 '	# ' [27 ]p
v 3 0,255,0,255,0,0,0,0,0,0 Latin 31 0 51 v	# v [76 ]a
